set title 'Tempo médio de fila para diferentes ocupações' 
set xlabel 'Tempo (s)' 
set ylabel  'E[N]' 
set xtics 2000.00000000000000000000 
set ytics 4.588
set grid 
set term png 
set terminal png size 1920,1080 font 'Arial,18' 
set key left top 
set output 'E[N].png' 
plot'-' u 1:2 t '60%' with lines lw 3.5, '-' u 1:2 t '80%' with lines lw 3.5,'-' u 1:2 t '95%' with lines lw 3.5,'-' u 1:2 t '99%' with lines lw 3.5
    300.000000 1.020920 
    600.000000 1.565083 
    900.000000 1.949617 
    1200.000000 2.017662 
    1500.000000 1.961576 
    1800.000000 2.347882 
    2100.000000 2.366397 
    2400.000000 2.190202 
    2700.000000 2.103570 
    3000.000000 2.019032 
    3300.000000 1.908461 
    3600.000000 1.835619 
    3900.000000 1.795043 
    4200.000000 1.766099 
    4500.000000 1.997243 
    4800.000000 2.001538 
    5100.000000 3.219506 
    5400.000000 3.177128 
    5700.000000 3.112817 
    6000.000000 3.025386 
    6300.000000 2.958526 
    6600.000000 2.888271 
    6900.000000 2.825670 
    7200.000000 2.751176 
    7500.000000 2.678153 
    7800.000000 2.618982 
    8100.000000 2.566818 
    8400.000000 2.514786 
    8700.000000 2.475065 
    9000.000000 2.468059 
    9300.000000 2.458496 
    9600.000000 2.475033 
    9900.000000 2.525580 
    10200.000000 2.474498 
    10500.000000 2.431938 
    10800.000000 2.395765 
    11100.000000 2.365770 
    11400.000000 2.341961 
    11700.000000 2.299942 
    12000.000000 2.272336 
    12300.000000 2.249038 
    12600.000000 2.220108 
    12900.000000 2.194941 
    13200.000000 2.182317 
    13500.000000 2.166894 
    13800.000000 2.150085 
    14100.000000 2.147986 
    14400.000000 2.136351 
    14700.000000 2.131988 
    15000.000000 2.562579 
    15300.000000 3.077738 
    15600.000000 3.045939 
    15900.000000 3.023732 
    16200.000000 2.997377 
    16500.000000 2.971833 
    16800.000000 2.937683 
    17100.000000 2.914619 
    17400.000000 2.884471 
    17700.000000 2.859555 
    18000.000000 2.858402 
    18300.000000 2.827228 
    18600.000000 2.797628 
    18900.000000 2.786376 
    19200.000000 2.762756 
    19500.000000 2.741058 
    19800.000000 2.730052 
    20100.000000 2.712906 
    20400.000000 2.686466 
    20700.000000 2.678290 
    21000.000000 2.662544 
    21300.000000 2.650792 
    21600.000000 2.629903 
    21900.000000 2.607906 
    22200.000000 2.599501 
    22500.000000 2.585151 
    22800.000000 2.561672 
    23100.000000 2.549666 
    23400.000000 2.533216 
    23700.000000 2.514675 
    24000.000000 2.509104 
    24300.000000 2.490507 
    24600.000000 2.474925 
    24900.000000 2.463649 
    25200.000000 2.460604 
    25500.000000 2.450567 
    25800.000000 2.434139 
    26100.000000 2.420185 
    26400.000000 2.406324 
    26700.000000 2.391950 
    27000.000000 2.714987 
e 
    300.000000 2.785844 
    600.000000 37.563184 
    900.000000 82.889793 
    1200.000000 249.451315 
    1500.000000 202.989980 
    1800.000000 232.306472 
    2100.000000 430.360810 
    2400.000000 376.887843 
    2700.000000 336.363264 
    3000.000000 303.088554 
    3300.000000 275.678484 
    3600.000000 252.903485 
    3900.000000 233.831703 
    4200.000000 217.819920 
    4500.000000 231.706893 
    4800.000000 333.028246 
    5100.000000 373.466302 
    5400.000000 498.746866 
    5700.000000 478.303179 
    6000.000000 455.202092 
    6300.000000 434.926038 
    6600.000000 415.488585 
    6900.000000 397.799154 
    7200.000000 381.321646 
    7500.000000 366.153590 
    7800.000000 352.199709 
    8100.000000 339.400903 
    8400.000000 327.509917 
    8700.000000 316.869710 
    9000.000000 311.826980 
    9300.000000 306.335977 
    9600.000000 310.244846 
    9900.000000 394.050099 
    10200.000000 382.503647 
    10500.000000 371.636696 
    10800.000000 361.405904 
    11100.000000 351.961562 
    11400.000000 342.834758 
    11700.000000 334.078387 
    12000.000000 325.821488 
    12300.000000 318.128610 
    12600.000000 310.606819 
    12900.000000 303.450983 
    13200.000000 296.688698 
    13500.000000 290.353336 
    13800.000000 284.154760 
    14100.000000 278.589149 
    14400.000000 273.725729 
    14700.000000 268.349630 
    15000.000000 275.360089 
    15300.000000 420.889309 
    15600.000000 413.059068 
    15900.000000 405.799851 
    16200.000000 399.694147 
    16500.000000 393.466107 
    16800.000000 386.492943 
    17100.000000 379.827269 
    17400.000000 373.351538 
    17700.000000 367.601432 
    18000.000000 370.215089 
    18300.000000 364.181402 
    18600.000000 358.438703 
    18900.000000 353.352296 
    19200.000000 347.888505 
    19500.000000 342.598506 
    19800.000000 339.012376 
    20100.000000 334.056965 
    20400.000000 329.173469 
    20700.000000 325.237658 
    21000.000000 320.684608 
    21300.000000 316.468677 
    21600.000000 312.127502 
    21900.000000 307.883133 
    22200.000000 304.630763 
    22500.000000 301.068227 
    22800.000000 297.128939 
    23100.000000 293.435469 
    23400.000000 289.741859 
    23700.000000 286.122765 
    24000.000000 283.046143 
    24300.000000 279.581035 
    24600.000000 276.212575 
    24900.000000 273.642988 
    25200.000000 272.237151 
    25500.000000 269.380410 
    25800.000000 266.277062 
    26100.000000 263.251632 
    26400.000000 260.292801 
    26700.000000 257.402451 
    27000.000000 280.079886 
e 
    300.000000 10.297976 
    600.000000 934.270274 
    900.000000 2554.534658 
    1200.000000 4965.340026 
    1500.000000 4540.454430 
    1800.000000 3989.456578 
    2100.000000 5232.531529 
    2400.000000 4810.390442 
    2700.000000 4321.696920 
    3000.000000 3950.473176 
    3300.000000 3591.728771 
    3600.000000 3293.064202 
    3900.000000 3060.004174 
    4200.000000 2860.883562 
    4500.000000 2740.147230 
    4800.000000 3250.100228 
    5100.000000 3184.411648 
    5400.000000 3865.456868 
    5700.000000 4405.831828 
    6000.000000 4207.114634 
    6300.000000 4056.529974 
    6600.000000 3885.032633 
    6900.000000 3724.949684 
    7200.000000 3570.180730 
    7500.000000 3428.212928 
    7800.000000 3300.013357 
    8100.000000 3192.892778 
    8400.000000 3085.646125 
    8700.000000 3018.682382 
    9000.000000 3008.184780 
    9300.000000 3011.444868 
    9600.000000 2994.844956 
    9900.000000 3441.185694 
    10200.000000 3394.833950 
    10500.000000 3298.003645 
    10800.000000 3208.067857 
    11100.000000 3123.587542 
    11400.000000 3047.959427 
    11700.000000 2969.874058 
    12000.000000 2896.405285 
    12300.000000 2830.247519 
    12600.000000 2763.057116 
    12900.000000 2699.173407 
    13200.000000 2643.521333 
    13500.000000 2592.718043 
    13800.000000 2541.054438 
    14100.000000 2525.946926 
    14400.000000 2554.760565 
    14700.000000 2529.293553 
    15000.000000 2532.917939 
    15300.000000 2959.791771 
    15600.000000 3206.974411 
    15900.000000 3336.393248 
    16200.000000 3401.057243 
    16500.000000 3352.380654 
    16800.000000 3293.092274 
    17100.000000 3252.009524 
    17400.000000 3197.882588 
    17700.000000 3147.680638 
    18000.000000 3186.651418 
    18300.000000 3135.611803 
    18600.000000 3087.028647 
    18900.000000 3104.817696 
    19200.000000 3060.377189 
    19500.000000 3014.603968 
    19800.000000 2988.686587 
    20100.000000 2946.089245 
    20400.000000 2902.833821 
    20700.000000 2890.924426 
    21000.000000 2926.197223 
    21300.000000 2898.149131 
    21600.000000 2858.546079 
    21900.000000 2819.459900 
    22200.000000 2797.761049 
    22500.000000 2781.977532 
    22800.000000 2745.417603 
    23100.000000 2717.204773 
    23400.000000 2686.263441 
    23700.000000 2653.561408 
    24000.000000 2664.844732 
    24300.000000 2633.376207 
    24600.000000 2601.996485 
    24900.000000 2574.158947 
    25200.000000 2611.765134 
    25500.000000 2596.148498 
    25800.000000 2566.100021 
    26100.000000 2537.184709 
    26400.000000 2508.464363 
    26700.000000 2480.510267 
    27000.000000 2504.926091 
e 
    300.000000 45.505379 
    600.000000 1288.254616 
    900.000000 3947.248777 
    1200.000000 7683.702475 
    1500.000000 8741.183130 
    1800.000000 7738.649233 
    2100.000000 8803.104617 
    2400.000000 8196.903991 
    2700.000000 7386.095298 
    3000.000000 6792.226659 
    3300.000000 6175.497727 
    3600.000000 5662.877428 
    3900.000000 5283.146094 
    4200.000000 4943.720991 
    4500.000000 4694.879497 
    4800.000000 5266.820826 
    5100.000000 5151.425375 
    5400.000000 5895.182242 
    5700.000000 6704.935817 
    6000.000000 6692.207452 
    6300.000000 6454.835453 
    6600.000000 6197.431708 
    6900.000000 5945.161840 
    7200.000000 5699.742629 
    7500.000000 5472.601575 
    7800.000000 5267.063655 
    8100.000000 5094.313358 
    8400.000000 4922.611355 
    8700.000000 4816.222029 
    9000.000000 4782.708967 
    9300.000000 4879.052846 
    9600.000000 5036.910290 
    9900.000000 5749.264579 
    10200.000000 5822.584846 
    10500.000000 5656.509387 
    10800.000000 5504.782970 
    11100.000000 5359.534523 
    11400.000000 5234.211236 
    11700.000000 5100.181403 
    12000.000000 4973.927257 
    12300.000000 4861.307753 
    12600.000000 4746.077349 
    12900.000000 4636.895679 
    13200.000000 4551.578869 
    13500.000000 4464.225161 
    13800.000000 4376.668048 
    14100.000000 4342.074501 
    14400.000000 4404.233265 
    14700.000000 4386.553895 
    15000.000000 4388.168879 
    15300.000000 4872.169284 
    15600.000000 5251.437590 
    15900.000000 5586.385461 
    16200.000000 5917.315064 
    16500.000000 6100.696118 
    16800.000000 6069.862175 
    17100.000000 6006.076761 
    17400.000000 5907.732251 
    17700.000000 5813.635272 
    18000.000000 5845.936233 
    18300.000000 5761.896727 
    18600.000000 5673.102947 
    18900.000000 5683.263441 
    19200.000000 5631.879027 
    19500.000000 5548.463631 
    19800.000000 5497.992871 
    20100.000000 5440.868809 
    20400.000000 5360.941829 
    20700.000000 5327.553881 
    21000.000000 5375.552187 
    21300.000000 5320.208000 
    21600.000000 5248.579003 
    21900.000000 5176.839750 
    22200.000000 5132.161998 
    22500.000000 5127.608532 
    22800.000000 5060.326317 
    23100.000000 5006.590041 
    23400.000000 4948.976496 
    23700.000000 4888.766554 
    24000.000000 4888.063313 
    24300.000000 4843.398743 
    24600.000000 4785.500081 
    24900.000000 4731.797997 
    25200.000000 4767.908379 
    25500.000000 4759.421659 
    25800.000000 4704.490034 
    26100.000000 4651.652322 
    26400.000000 4599.036951 
    26700.000000 4547.860468 
    27000.000000 4556.470578 
e 
set title 'Tempo médio de espera para diferentes ocupações' 
set xlabel 'Tempo (s)' 
set ylabel  'E[W]' 
set xtics 2000.00000000000000000000 
set ytics 0.9
set grid 
set term png 
set terminal png size 1920,1080 font 'Arial,18' 
set key left top 
set output 'E[W].png' 
plot'-' u 1:2 t '60%' with lines lw 3.5, '-' u 1:2 t '80%' with lines lw 3.5,'-' u 1:2 t '95%' with lines lw 3.5,'-' u 1:2 t '99%' with lines lw 3.5
    300.000000 0.004372 
    600.000000 0.005832 
    900.000000 0.006665 
    1200.000000 0.006874 
    1500.000000 0.006670 
    1800.000000 0.007980 
    2100.000000 0.007968 
    2400.000000 0.007616 
    2700.000000 0.007384 
    3000.000000 0.007161 
    3300.000000 0.006941 
    3600.000000 0.006756 
    3900.000000 0.006627 
    4200.000000 0.006531 
    4500.000000 0.007323 
    4800.000000 0.007297 
    5100.000000 0.011646 
    5400.000000 0.011390 
    5700.000000 0.011154 
    6000.000000 0.010871 
    6300.000000 0.010628 
    6600.000000 0.010394 
    6900.000000 0.010181 
    7200.000000 0.009960 
    7500.000000 0.009773 
    7800.000000 0.009598 
    8100.000000 0.009442 
    8400.000000 0.009298 
    8700.000000 0.009158 
    9000.000000 0.009075 
    9300.000000 0.008995 
    9600.000000 0.008997 
    9900.000000 0.009125 
    10200.000000 0.009008 
    10500.000000 0.008890 
    10800.000000 0.008780 
    11100.000000 0.008678 
    11400.000000 0.008584 
    11700.000000 0.008495 
    12000.000000 0.008405 
    12300.000000 0.008324 
    12600.000000 0.008238 
    12900.000000 0.008156 
    13200.000000 0.008092 
    13500.000000 0.008029 
    13800.000000 0.007965 
    14100.000000 0.007929 
    14400.000000 0.007878 
    14700.000000 0.007838 
    15000.000000 0.009370 
    15300.000000 0.011189 
    15600.000000 0.011076 
    15900.000000 0.010970 
    16200.000000 0.010871 
    16500.000000 0.010773 
    16800.000000 0.010673 
    17100.000000 0.010578 
    17400.000000 0.010487 
    17700.000000 0.010402 
    18000.000000 0.010370 
    18300.000000 0.010283 
    18600.000000 0.010205 
    18900.000000 0.010137 
    19200.000000 0.010058 
    19500.000000 0.009982 
    19800.000000 0.009923 
    20100.000000 0.009852 
    20400.000000 0.009780 
    20700.000000 0.009732 
    21000.000000 0.009671 
    21300.000000 0.009618 
    21600.000000 0.009555 
    21900.000000 0.009491 
    22200.000000 0.009447 
    22500.000000 0.009390 
    22800.000000 0.009334 
    23100.000000 0.009281 
    23400.000000 0.009231 
    23700.000000 0.009179 
    24000.000000 0.009141 
    24300.000000 0.009092 
    24600.000000 0.009044 
    24900.000000 0.009004 
    25200.000000 0.008979 
    25500.000000 0.008942 
    25800.000000 0.008895 
    26100.000000 0.008850 
    26400.000000 0.008804 
    26700.000000 0.008760 
    27000.000000 0.009910 
e 
    300.000000 0.012027 
    600.000000 0.140271 
    900.000000 0.282861 
    1200.000000 0.850337 
    1500.000000 0.690787 
    1800.000000 0.789508 
    2100.000000 1.449307 
    2400.000000 1.311137 
    2700.000000 1.179851 
    3000.000000 1.074050 
    3300.000000 1.001934 
    3600.000000 0.930033 
    3900.000000 0.863120 
    4200.000000 0.805020 
    4500.000000 0.849300 
    4800.000000 1.213651 
    5100.000000 1.350395 
    5400.000000 1.786562 
    5700.000000 1.712765 
    6000.000000 1.634571 
    6300.000000 1.561867 
    6600.000000 1.494810 
    6900.000000 1.433047 
    7200.000000 1.380108 
    7500.000000 1.335915 
    7800.000000 1.290512 
    8100.000000 1.248302 
    8400.000000 1.210613 
    8700.000000 1.171991 
    9000.000000 1.146157 
    9300.000000 1.120458 
    9600.000000 1.127282 
    9900.000000 1.423103 
    10200.000000 1.391903 
    10500.000000 1.357794 
    10800.000000 1.323696 
    11100.000000 1.290394 
    11400.000000 1.256086 
    11700.000000 1.233569 
    12000.000000 1.204758 
    12300.000000 1.176947 
    12600.000000 1.152182 
    12900.000000 1.127119 
    13200.000000 1.099569 
    13500.000000 1.075482 
    13800.000000 1.052188 
    14100.000000 1.028083 
    14400.000000 1.009139 
    14700.000000 0.986280 
    15000.000000 1.006455 
    15300.000000 1.529705 
    15600.000000 1.501527 
    15900.000000 1.471865 
    16200.000000 1.449161 
    16500.000000 1.425967 
    16800.000000 1.403782 
    17100.000000 1.378161 
    17400.000000 1.356990 
    17700.000000 1.336664 
    18000.000000 1.342491 
    18300.000000 1.324110 
    18600.000000 1.307042 
    18900.000000 1.285112 
    19200.000000 1.265978 
    19500.000000 1.247052 
    19800.000000 1.231673 
    20100.000000 1.212586 
    20400.000000 1.197758 
    20700.000000 1.181100 
    21000.000000 1.164169 
    21300.000000 1.147635 
    21600.000000 1.133339 
    21900.000000 1.119776 
    22200.000000 1.106339 
    22500.000000 1.092825 
    22800.000000 1.081929 
    23100.000000 1.067534 
    23400.000000 1.055128 
    23700.000000 1.043804 
    24000.000000 1.030489 
    24300.000000 1.019902 
    24600.000000 1.008556 
    24900.000000 0.999418 
    25200.000000 0.992718 
    25500.000000 0.982281 
    25800.000000 0.972357 
    26100.000000 0.961945 
    26400.000000 0.951599 
    26700.000000 0.941920 
    27000.000000 1.021520 
e 
    300.000000 0.044391 
    600.000000 3.486322 
    900.000000 8.710291 
    1200.000000 16.891306 
    1500.000000 15.425813 
    1800.000000 13.542786 
    2100.000000 17.593016 
    2400.000000 16.712997 
    2700.000000 15.146272 
    3000.000000 13.984850 
    3300.000000 13.041776 
    3600.000000 12.100650 
    3900.000000 11.286072 
    4200.000000 10.561053 
    4500.000000 10.031135 
    4800.000000 11.837405 
    5100.000000 11.509481 
    5400.000000 13.844971 
    5700.000000 15.774501 
    6000.000000 15.099956 
    6300.000000 14.555898 
    6600.000000 13.965324 
    6900.000000 13.406767 
    7200.000000 12.910879 
    7500.000000 12.499190 
    7800.000000 12.083875 
    8100.000000 11.735897 
    8400.000000 11.398722 
    8700.000000 11.158193 
    9000.000000 11.050533 
    9300.000000 11.008612 
    9600.000000 10.874696 
    9900.000000 12.418425 
    10200.000000 12.345304 
    10500.000000 12.042093 
    10800.000000 11.742944 
    11100.000000 11.443601 
    11400.000000 11.159505 
    11700.000000 10.957732 
    12000.000000 10.701805 
    12300.000000 10.462145 
    12600.000000 10.239857 
    12900.000000 10.016097 
    13200.000000 9.790377 
    13500.000000 9.596875 
    13800.000000 9.403847 
    14100.000000 9.316329 
    14400.000000 9.413669 
    14700.000000 9.290968 
    15000.000000 9.253268 
    15300.000000 10.750982 
    15600.000000 11.651972 
    15900.000000 12.094533 
    16200.000000 12.325284 
    16500.000000 12.142281 
    16800.000000 11.953293 
    17100.000000 11.791275 
    17400.000000 11.615616 
    17700.000000 11.439331 
    18000.000000 11.548535 
    18300.000000 11.393282 
    18600.000000 11.249161 
    18900.000000 11.284300 
    19200.000000 11.129106 
    19500.000000 10.965707 
    19800.000000 10.850628 
    20100.000000 10.687055 
    20400.000000 10.555507 
    20700.000000 10.492656 
    21000.000000 10.616985 
    21300.000000 10.503867 
    21600.000000 10.373559 
    21900.000000 10.248681 
    22200.000000 10.154929 
    22500.000000 10.092943 
    22800.000000 9.991736 
    23100.000000 9.880818 
    23400.000000 9.777790 
    23700.000000 9.676142 
    24000.000000 9.697002 
    24300.000000 9.601594 
    24600.000000 9.496147 
    24900.000000 9.396516 
    25200.000000 9.518678 
    25500.000000 9.461180 
    25800.000000 9.365183 
    26100.000000 9.266067 
    26400.000000 9.165996 
    26700.000000 9.073031 
    27000.000000 9.131953 
e 
    300.000000 0.195902 
    600.000000 4.793297 
    900.000000 13.471124 
    1200.000000 26.185811 
    1500.000000 29.754248 
    1800.000000 26.287066 
    2100.000000 29.651921 
    2400.000000 28.530652 
    2700.000000 25.924546 
    3000.000000 24.087448 
    3300.000000 22.457642 
    3600.000000 20.838470 
    3900.000000 19.502108 
    4200.000000 18.269736 
    4500.000000 17.213615 
    4800.000000 19.206071 
    5100.000000 18.640933 
    5400.000000 21.137626 
    5700.000000 24.026151 
    6000.000000 24.039915 
    6300.000000 23.178495 
    6600.000000 22.287806 
    6900.000000 21.407292 
    7200.000000 20.617564 
    7500.000000 19.956519 
    7800.000000 19.292993 
    8100.000000 18.731134 
    8400.000000 18.193606 
    8700.000000 17.813509 
    9000.000000 17.582117 
    9300.000000 17.849000 
    9600.000000 18.304431 
    9900.000000 20.761880 
    10200.000000 21.185528 
    10500.000000 20.660065 
    10800.000000 20.156841 
    11100.000000 19.644312 
    11400.000000 19.170219 
    11700.000000 18.824952 
    12000.000000 18.386802 
    12300.000000 17.981502 
    12600.000000 17.599761 
    12900.000000 17.218556 
    13200.000000 16.866999 
    13500.000000 16.533092 
    13800.000000 16.204371 
    14100.000000 16.020973 
    14400.000000 16.235774 
    14700.000000 16.120819 
    15000.000000 16.038508 
    15300.000000 17.708520 
    15600.000000 19.090632 
    15900.000000 20.260800 
    16200.000000 21.453966 
    16500.000000 22.107132 
    16800.000000 22.043488 
    17100.000000 21.788834 
    17400.000000 21.469601 
    17700.000000 21.139050 
    18000.000000 21.196613 
    18300.000000 20.946204 
    18600.000000 20.682313 
    18900.000000 20.664826 
    19200.000000 20.489149 
    19500.000000 20.190637 
    19800.000000 19.972150 
    20100.000000 19.748671 
    20400.000000 19.506198 
    20700.000000 19.346618 
    21000.000000 19.514000 
    21300.000000 19.292597 
    21600.000000 19.056426 
    21900.000000 18.827185 
    22200.000000 18.637362 
    22500.000000 18.611190 
    22800.000000 18.425142 
    23100.000000 18.212935 
    23400.000000 18.021318 
    23700.000000 17.833849 
    24000.000000 17.794490 
    24300.000000 17.666208 
    24600.000000 17.472320 
    24900.000000 17.279983 
    25200.000000 17.384971 
    25500.000000 17.352251 
    25800.000000 17.176366 
    26100.000000 16.994140 
    26400.000000 16.810686 
    26700.000000 16.639855 
    27000.000000 16.615480 
e 
set title 'Ocupações conforme o tempo' 
set xlabel 'Tempo (s)' 
set ylabel  'Ocupacao' 
set xtics 2000.00000000000000000000 
set ytics 0.02500000037252902985 
set grid 
set term png 
set terminal png size 1920,1080 font 'Arial,18' 
set key right bot 
set output 'Ocupacao.png' 
plot'-' u 1:2 t '60%' with lines lw 3.5, '-' u 1:2 t '80%' with lines lw 3.5,'-' u 1:2 t '95%' with lines lw 3.5,'-' u 1:2 t '99%' with lines lw 3.5
    300.000000 0.457929 
    600.000000 0.531700 
    900.000000 0.581962 
    1200.000000 0.584088 
    1500.000000 0.586282 
    1800.000000 0.585685 
    2100.000000 0.591349 
    2400.000000 0.573245 
    2700.000000 0.567102 
    3000.000000 0.561278 
    3300.000000 0.547319 
    3600.000000 0.541113 
    3900.000000 0.539177 
    4200.000000 0.538612 
    4500.000000 0.543078 
    4800.000000 0.546056 
    5100.000000 0.550419 
    5400.000000 0.555333 
    5700.000000 0.555545 
    6000.000000 0.554026 
    6300.000000 0.554168 
    6600.000000 0.553239 
    6900.000000 0.552541 
    7200.000000 0.549872 
    7500.000000 0.545374 
    7800.000000 0.543120 
    8100.000000 0.541094 
    8400.000000 0.538044 
    8700.000000 0.537845 
    9000.000000 0.541256 
    9300.000000 0.544055 
    9600.000000 0.547662 
    9900.000000 0.551065 
    10200.000000 0.546920 
    10500.000000 0.544684 
    10800.000000 0.543315 
    11100.000000 0.542808 
    11400.000000 0.543321 
    11700.000000 0.538905 
    12000.000000 0.538211 
    12300.000000 0.537867 
    12600.000000 0.536482 
    12900.000000 0.535733 
    13200.000000 0.536986 
    13500.000000 0.537330 
    13800.000000 0.537484 
    14100.000000 0.539391 
    14400.000000 0.539926 
    14700.000000 0.541606 
    15000.000000 0.544565 
    15300.000000 0.547791 
    15600.000000 0.547705 
    15900.000000 0.548898 
    16200.000000 0.549163 
    16500.000000 0.549403 
    16800.000000 0.548153 
    17100.000000 0.548725 
    17400.000000 0.547792 
    17700.000000 0.547513 
    18000.000000 0.549008 
    18300.000000 0.547553 
    18600.000000 0.545917 
    18900.000000 0.547328 
    19200.000000 0.547012 
    19500.000000 0.546919 
    19800.000000 0.547946 
    20100.000000 0.548444 
    20400.000000 0.547062 
    20700.000000 0.548144 
    21000.000000 0.548274 
    21300.000000 0.548885 
    21600.000000 0.548186 
    21900.000000 0.547247 
    22200.000000 0.547996 
    22500.000000 0.548274 
    22800.000000 0.546534 
    23100.000000 0.547048 
    23400.000000 0.546503 
    23700.000000 0.545549 
    24000.000000 0.546657 
    24300.000000 0.545493 
    24600.000000 0.545009 
    24900.000000 0.544909 
    25200.000000 0.545833 
    25500.000000 0.545877 
    25800.000000 0.545099 
    26100.000000 0.544736 
    26400.000000 0.544479 
    26700.000000 0.543938 
    27000.000000 0.545762 
e 
    300.000000 0.606601 
    600.000000 0.705133 
    900.000000 0.772849 
    1200.000000 0.777643 
    1500.000000 0.780024 
    1800.000000 0.775618 
    2100.000000 0.788639 
    2400.000000 0.763987 
    2700.000000 0.757055 
    3000.000000 0.749540 
    3300.000000 0.730540 
    3600.000000 0.722536 
    3900.000000 0.719476 
    4200.000000 0.718779 
    4500.000000 0.722469 
    4800.000000 0.729349 
    5100.000000 0.732095 
    5400.000000 0.742144 
    5700.000000 0.742482 
    6000.000000 0.740666 
    6300.000000 0.740887 
    6600.000000 0.739279 
    6900.000000 0.738432 
    7200.000000 0.735016 
    7500.000000 0.728891 
    7800.000000 0.725716 
    8100.000000 0.722836 
    8400.000000 0.718894 
    8700.000000 0.718710 
    9000.000000 0.723323 
    9300.000000 0.727037 
    9600.000000 0.731169 
    9900.000000 0.736578 
    10200.000000 0.730905 
    10500.000000 0.727912 
    10800.000000 0.726065 
    11100.000000 0.725363 
    11400.000000 0.725886 
    11700.000000 0.719868 
    12000.000000 0.718994 
    12300.000000 0.718642 
    12600.000000 0.716682 
    12900.000000 0.715701 
    13200.000000 0.717291 
    13500.000000 0.717667 
    13800.000000 0.717747 
    14100.000000 0.720223 
    14400.000000 0.720945 
    14700.000000 0.723358 
    15000.000000 0.726082 
    15300.000000 0.731395 
    15600.000000 0.731294 
    15900.000000 0.732891 
    16200.000000 0.733220 
    16500.000000 0.733544 
    16800.000000 0.731879 
    17100.000000 0.732658 
    17400.000000 0.731412 
    17700.000000 0.731157 
    18000.000000 0.733150 
    18300.000000 0.731203 
    18600.000000 0.729066 
    18900.000000 0.730918 
    19200.000000 0.730514 
    19500.000000 0.730363 
    19800.000000 0.731702 
    20100.000000 0.732459 
    20400.000000 0.730662 
    20700.000000 0.732089 
    21000.000000 0.732245 
    21300.000000 0.733105 
    21600.000000 0.732188 
    21900.000000 0.731008 
    22200.000000 0.731982 
    22500.000000 0.732478 
    22800.000000 0.730125 
    23100.000000 0.730755 
    23400.000000 0.730026 
    23700.000000 0.728743 
    24000.000000 0.730275 
    24300.000000 0.728794 
    24600.000000 0.728133 
    24900.000000 0.727911 
    25200.000000 0.729142 
    25500.000000 0.729234 
    25800.000000 0.728202 
    26100.000000 0.727738 
    26400.000000 0.727390 
    26700.000000 0.726744 
    27000.000000 0.728334 
e 
    300.000000 0.721657 
    600.000000 0.824810 
    900.000000 0.883207 
    1200.000000 0.912405 
    1500.000000 0.927988 
    1800.000000 0.912217 
    2100.000000 0.924757 
    2400.000000 0.907660 
    2700.000000 0.897318 
    3000.000000 0.890915 
    3300.000000 0.868363 
    3600.000000 0.858584 
    3900.000000 0.855192 
    4200.000000 0.854888 
    4500.000000 0.855963 
    4800.000000 0.864966 
    5100.000000 0.866193 
    5400.000000 0.873627 
    5700.000000 0.880278 
    6000.000000 0.879982 
    6300.000000 0.880416 
    6600.000000 0.878795 
    6900.000000 0.877603 
    7200.000000 0.873452 
    7500.000000 0.865840 
    7800.000000 0.862380 
    8100.000000 0.859065 
    8400.000000 0.853765 
    8700.000000 0.853998 
    9000.000000 0.858006 
    9300.000000 0.862587 
    9600.000000 0.866273 
    9900.000000 0.870326 
    10200.000000 0.867220 
    10500.000000 0.863663 
    10800.000000 0.861458 
    11100.000000 0.860310 
    11400.000000 0.861256 
    11700.000000 0.854085 
    12000.000000 0.853045 
    12300.000000 0.852649 
    12600.000000 0.850530 
    12900.000000 0.849466 
    13200.000000 0.850991 
    13500.000000 0.851218 
    13800.000000 0.851648 
    14100.000000 0.853600 
    14400.000000 0.855477 
    14700.000000 0.858296 
    15000.000000 0.860031 
    15300.000000 0.862776 
    15600.000000 0.865414 
    15900.000000 0.867954 
    16200.000000 0.870185 
    16500.000000 0.870751 
    16800.000000 0.868772 
    17100.000000 0.869854 
    17400.000000 0.868426 
    17700.000000 0.868051 
    18000.000000 0.870240 
    18300.000000 0.868342 
    18600.000000 0.865794 
    18900.000000 0.867924 
    19200.000000 0.867728 
    19500.000000 0.867530 
    19800.000000 0.869124 
    20100.000000 0.869914 
    20400.000000 0.867823 
    20700.000000 0.868502 
    21000.000000 0.869665 
    21300.000000 0.870647 
    21600.000000 0.869624 
    21900.000000 0.868218 
    22200.000000 0.868935 
    22500.000000 0.869960 
    22800.000000 0.867154 
    23100.000000 0.867806 
    23400.000000 0.866940 
    23700.000000 0.865485 
    24000.000000 0.867037 
    24300.000000 0.865552 
    24600.000000 0.864768 
    24900.000000 0.864183 
    25200.000000 0.865800 
    25500.000000 0.866086 
    25800.000000 0.864884 
    26100.000000 0.864308 
    26400.000000 0.863838 
    26700.000000 0.862955 
    27000.000000 0.863783 
e 
    300.000000 0.756165 
    600.000000 0.850799 
    900.000000 0.900532 
    1200.000000 0.925399 
    1500.000000 0.940319 
    1800.000000 0.945271 
    2100.000000 0.953090 
    2400.000000 0.942047 
    2700.000000 0.929541 
    3000.000000 0.924640 
    3300.000000 0.901506 
    3600.000000 0.891312 
    3900.000000 0.888080 
    4200.000000 0.887372 
    4500.000000 0.887503 
    4800.000000 0.894535 
    5100.000000 0.898689 
    5400.000000 0.904317 
    5700.000000 0.909353 
    6000.000000 0.913886 
    6300.000000 0.914845 
    6600.000000 0.913391 
    6900.000000 0.911779 
    7200.000000 0.908277 
    7500.000000 0.900575 
    7800.000000 0.896837 
    8100.000000 0.893508 
    8400.000000 0.887393 
    8700.000000 0.887977 
    9000.000000 0.891169 
    9300.000000 0.894679 
    9600.000000 0.897971 
    9900.000000 0.901062 
    10200.000000 0.902304 
    10500.000000 0.898972 
    10800.000000 0.896772 
    11100.000000 0.895230 
    11400.000000 0.896590 
    11700.000000 0.889230 
    12000.000000 0.887963 
    12300.000000 0.887404 
    12600.000000 0.885307 
    12900.000000 0.884246 
    13200.000000 0.885882 
    13500.000000 0.886145 
    13800.000000 0.886748 
    14100.000000 0.888137 
    14400.000000 0.890468 
    14700.000000 0.892703 
    15000.000000 0.894849 
    15300.000000 0.896911 
    15600.000000 0.898893 
    15900.000000 0.900801 
    16200.000000 0.902638 
    16500.000000 0.904408 
    16800.000000 0.904688 
    17100.000000 0.905818 
    17400.000000 0.904364 
    17700.000000 0.903822 
    18000.000000 0.905425 
    18300.000000 0.904154 
    18600.000000 0.901625 
    18900.000000 0.903186 
    19200.000000 0.903712 
    19500.000000 0.903560 
    19800.000000 0.904822 
    20100.000000 0.905982 
    20400.000000 0.903753 
    20700.000000 0.904106 
    21000.000000 0.905476 
    21300.000000 0.906399 
    21600.000000 0.905408 
    21900.000000 0.903964 
    22200.000000 0.904470 
    22500.000000 0.905744 
    22800.000000 0.902930 
    23100.000000 0.903685 
    23400.000000 0.902741 
    23700.000000 0.901281 
    24000.000000 0.902470 
    24300.000000 0.901496 
    24600.000000 0.900567 
    24900.000000 0.899824 
    25200.000000 0.901017 
    25500.000000 0.901829 
    25800.000000 0.900668 
    26100.000000 0.900165 
    26400.000000 0.899675 
    26700.000000 0.898821 
    27000.000000 0.899462 
e 
set title 'Erro de Little para diferentes ocupações' 
set xlabel 'Tempo (s)' 
set ylabel  'Little' 
set xtics 2000.00000000000000000000 
set ytics 0.00000001989999987018 
set grid 
set term png 
set terminal png size 1920,1080 font 'Arial,18' 
set key left top 
set output 'Little.png' 
plot'-' u 1:2 t '60%' with lines lw 3.5, '-' u 1:2 t '80%' with lines lw 3.5,'-' u 1:2 t '95%' with lines lw 3.5,'-' u 1:2 t '99%' with lines lw 3.5
    300.000000 0.00000000027369395639 
    600.000000 -0.00000000054268767258 
    900.000000 0.00000000225606688886 
    1200.000000 0.00000000004664801878 
    1500.000000 0.00000000109116271574 
    1800.000000 0.00000000138533495786 
    2100.000000 0.00000000210925765742 
    2400.000000 0.00000000667023503098 
    2700.000000 -0.00000000478062789355 
    3000.000000 -0.00000000877541550537 
    3300.000000 0.00000000167336189349 
    3600.000000 0.00000001092761769961 
    3900.000000 0.00000001195753984717 
    4200.000000 0.00000001960231177378 
    4500.000000 0.00000001011523331762 
    4800.000000 0.00000000330073612886 
    5100.000000 0.00000001455340337131 
    5400.000000 0.00000002134845766832 
    5700.000000 0.00000002155728484610 
    6000.000000 0.00000001006258498748 
    6300.000000 -0.00000002376235475055 
    6600.000000 -0.00000002632099382893 
    6900.000000 -0.00000003208811305555 
    7200.000000 -0.00000004005243647853 
    7500.000000 -0.00000003740306819822 
    7800.000000 -0.00000002185204950322 
    8100.000000 0.00000001122469717174 
    8400.000000 0.00000003254878633285 
    8700.000000 0.00000001188331077984 
    9000.000000 0.00000001225985313269 
    9300.000000 -0.00000001651252912183 
    9600.000000 -0.00000000849964543193 
    9900.000000 0.00000002648813302031 
    10200.000000 0.00000003566722073245 
    10500.000000 0.00000003412544868908 
    10800.000000 0.00000002092524242769 
    11100.000000 0.00000001395541904259 
    11400.000000 -0.00000001917795211526 
    11700.000000 0.00000004002606290854 
    12000.000000 0.00000007082347597276 
    12300.000000 0.00000006856615319961 
    12600.000000 0.00000006993422241308 
    12900.000000 0.00000003752437738314 
    13200.000000 0.00000007884053276896 
    13500.000000 0.00000012518556502528 
    13800.000000 0.00000010548760798201 
    14100.000000 0.00000011341163341783 
    14400.000000 0.00000008602991252715 
    14700.000000 0.00000009303223569290 
    15000.000000 0.00000004921915808254 
    15300.000000 0.00000004783206586367 
    15600.000000 0.00000002706169333067 
    15900.000000 -0.00000000115390408340 
    16200.000000 -0.00000001715898712007 
    16500.000000 -0.00000001222717394000 
    16800.000000 -0.00000002994957259972 
    17100.000000 -0.00000000606282091198 
    17400.000000 -0.00000002733439163904 
    17700.000000 -0.00000002619110484048 
    18000.000000 -0.00000002908193108553 
    18300.000000 -0.00000000241270692314 
    18600.000000 -0.00000001850314390595 
    18900.000000 -0.00000000622343332424 
    19200.000000 0.00000003398217129913 
    19500.000000 0.00000006569480026641 
    19800.000000 0.00000000662993038247 
    20100.000000 -0.00000002387766606660 
    20400.000000 -0.00000006570652155702 
    20700.000000 -0.00000005851071005480 
    21000.000000 -0.00000006389828532960 
    21300.000000 -0.00000011446537317994 
    21600.000000 -0.00000013414336974549 
    21900.000000 -0.00000010399646388493 
    22200.000000 -0.00000014341643383986 
    22500.000000 -0.00000019184471344857 
    22800.000000 -0.00000010022088492434 
    23100.000000 -0.00000016371198663379 
    23400.000000 -0.00000013210666605090 
    23700.000000 -0.00000015777828465957 
    24000.000000 -0.00000019414280361119 
    24300.000000 -0.00000013222054295881 
    24600.000000 -0.00000006734168866984 
    24900.000000 -0.00000018759452924400 
    25200.000000 -0.00000022066688254441 
    25500.000000 -0.00000020696048474989 
    25800.000000 -0.00000029139319357441 
    26100.000000 -0.00000027070692354414 
    26400.000000 -0.00000038033166482876 
    26700.000000 -0.00000035267876308254 
    27000.000000 -0.00000033430660328904 
e 
    300.000000 0.00000000066097038953 
    600.000000 -0.00000000008014211517 
    900.000000 0.00000000076801143223 
    1200.000000 0.00000000424293489232 
    1500.000000 0.00000000473778527521 
    1800.000000 0.00000000482847895000 
    2100.000000 0.00000000459050397694 
    2400.000000 0.00000000641188080408 
    2700.000000 0.00000001517918235550 
    3000.000000 0.00000001194962351292 
    3300.000000 0.00000000790828380559 
    3600.000000 0.00000001833154783526 
    3900.000000 0.00000003356612410244 
    4200.000000 0.00000002741822413554 
    4500.000000 0.00000002347977101635 
    4800.000000 0.00000002490622819096 
    5100.000000 0.00000003684010607685 
    5400.000000 0.00000002972836909976 
    5700.000000 0.00000004968313760401 
    6000.000000 0.00000006813115760451 
    6300.000000 0.00000005557689064517 
    6600.000000 0.00000008825406894175 
    6900.000000 0.00000006210007086338 
    7200.000000 0.00000005949914338998 
    7500.000000 0.00000007362552878476 
    7800.000000 0.00000005743004294345 
    8100.000000 0.00000007265396106959 
    8400.000000 0.00000005911289235883 
    8700.000000 0.00000006618705583605 
    9000.000000 0.00000007555968295492 
    9300.000000 0.00000007064312512739 
    9600.000000 0.00000006051021728126 
    9900.000000 0.00000008371409876418 
    10200.000000 0.00000008121276096063 
    10500.000000 0.00000006626339654758 
    10800.000000 0.00000004113724116905 
    11100.000000 0.00000003990498953499 
    11400.000000 0.00000005622797516480 
    11700.000000 0.00000001412729488948 
    12000.000000 0.00000001076347189155 
    12300.000000 0.00000005704157501896 
    12600.000000 0.00000005822505499964 
    12900.000000 0.00000003302568529762 
    13200.000000 0.00000010527901395108 
    13500.000000 0.00000013466006976159 
    13800.000000 0.00000008604530421508 
    14100.000000 0.00000008200106549339 
    14400.000000 0.00000006339337232930 
    14700.000000 0.00000006809955266363 
    15000.000000 0.00000002539957222325 
    15300.000000 0.00000004052401436638 
    15600.000000 0.00000004802552666661 
    15900.000000 0.00000005386198154156 
    16200.000000 0.00000000083770146375 
    16500.000000 0.00000002347508143430 
    16800.000000 0.00000003450060148680 
    17100.000000 0.00000005488124088515 
    17400.000000 0.00000003752182919925 
    17700.000000 0.00000005972526651021 
    18000.000000 0.00000002801516529871 
    18300.000000 0.00000006417764097932 
    18600.000000 0.00000005599116548183 
    18900.000000 0.00000001581616970725 
    19200.000000 0.00000003445381935308 
    19500.000000 0.00000007527535217378 
    19800.000000 0.00000009716927706904 
    20100.000000 0.00000015317203860832 
    20400.000000 0.00000007836894155844 
    20700.000000 0.00000007578921668028 
    21000.000000 0.00000003509046564432 
    21300.000000 0.00000001633617330299 
    21600.000000 0.00000002014343181145 
    21900.000000 0.00000003269076387369 
    22200.000000 0.00000004784914153788 
    22500.000000 0.00000007612112540301 
    22800.000000 0.00000011573393976505 
    23100.000000 0.00000019229383951824 
    23400.000000 0.00000014914860457793 
    23700.000000 0.00000015919891893645 
    24000.000000 0.00000018909361187980 
    24300.000000 0.00000018834867887563 
    24600.000000 0.00000017715774447424 
    24900.000000 0.00000029345369512157 
    25200.000000 0.00000030067940315348 
    25500.000000 0.00000029632172982019 
    25800.000000 0.00000023463962861570 
    26100.000000 0.00000035017546906602 
    26400.000000 0.00000031527156352240 
    26700.000000 0.00000025888721211231 
    27000.000000 0.00000032020381013353 
e 
    300.000000 0.00000000000752642393 
    600.000000 -0.00000000000534328137 
    900.000000 -0.00000000185355020221 
    1200.000000 -0.00000000231466401601 
    1500.000000 -0.00000000000272848411 
    1800.000000 0.00000000308500602841 
    2100.000000 0.00000000411182554672 
    2400.000000 0.00000000708587322151 
    2700.000000 0.00000000273303157883 
    3000.000000 0.00000000927093424252 
    3300.000000 0.00000001433409124729 
    3600.000000 0.00000001470289134886 
    3900.000000 0.00000001667785909376 
    4200.000000 0.00000000369345798390 
    4500.000000 0.00000002164824763895 
    4800.000000 0.00000001020043782773 
    5100.000000 0.00000000154841472977 
    5400.000000 0.00000000190584614757 
    5700.000000 -0.00000001653279468883 
    6000.000000 -0.00000002144770405721 
    6300.000000 -0.00000000210457073990 
    6600.000000 -0.00000000389536580769 
    6900.000000 0.00000000097179508884 
    7200.000000 0.00000000323325366480 
    7500.000000 -0.00000002462957127136 
    7800.000000 -0.00000001542321115267 
    8100.000000 -0.00000004701087163994 
    8400.000000 -0.00000008445522325928 
    8700.000000 -0.00000007794096745783 
    9000.000000 -0.00000004429921318660 
    9300.000000 -0.00000003025843398063 
    9600.000000 -0.00000004530284059001 
    9900.000000 -0.00000005358879207051 
    10200.000000 -0.00000003756485966733 
    10500.000000 -0.00000003737613951671 
    10800.000000 -0.00000005241008693702 
    11100.000000 -0.00000004650974005926 
    11400.000000 -0.00000005770743882749 
    11700.000000 -0.00000001360422174912 
    12000.000000 -0.00000005136189429322 
    12300.000000 -0.00000006481695891125 
    12600.000000 -0.00000005450010576169 
    12900.000000 -0.00000006257641871343 
    13200.000000 -0.00000008906226867111 
    13500.000000 -0.00000010455414667376 
    13800.000000 -0.00000015755585991428 
    14100.000000 -0.00000010473922884557 
    14400.000000 -0.00000012236387192388 
    14700.000000 -0.00000017551792552695 
    15000.000000 -0.00000017462889445596 
    15300.000000 -0.00000014693523553433 
    15600.000000 -0.00000015452360457857 
    15900.000000 -0.00000016307012629113 
    16200.000000 -0.00000014293436834123 
    16500.000000 -0.00000014816168913967 
    16800.000000 -0.00000008458846423309 
    17100.000000 -0.00000010100848157890 
    17400.000000 -0.00000005477568265633 
    17700.000000 0.00000000377167452825 
    18000.000000 -0.00000000491900209454 
    18300.000000 0.00000007735434337519 
    18600.000000 0.00000009327095540357 
    18900.000000 0.00000008825008990243 
    19200.000000 0.00000008389315553359 
    19500.000000 0.00000006390337148332 
    19800.000000 0.00000007829248716007 
    20100.000000 0.00000006966365617700 
    20400.000000 0.00000001713760866551 
    20700.000000 0.00000002641581886564 
    21000.000000 0.00000000319323589792 
    21300.000000 -0.00000000667478161631 
    21600.000000 -0.00000001959915607586 
    21900.000000 -0.00000007053267836454 
    22200.000000 -0.00000010905432645814 
    22500.000000 -0.00000002200749804615 
    22800.000000 -0.00000005861056706635 
    23100.000000 -0.00000005824631443829 
    23400.000000 -0.00000002340175342397 
    23700.000000 0.00000002792830855469 
    24000.000000 0.00000013196313375374 
    24300.000000 0.00000017514867067803 
    24600.000000 0.00000024279961508000 
    24900.000000 0.00000023633674572920 
    25200.000000 0.00000023301936380449 
    25500.000000 0.00000019777189663728 
    25800.000000 0.00000016952526493696 
    26100.000000 0.00000009918903742800 
    26400.000000 0.00000014046554497327 
    26700.000000 0.00000012826285455958 
    27000.000000 0.00000012787404557457 
e 
    300.000000 0.00000000001362110424 
    600.000000 0.00000000037425706978 
    900.000000 0.00000000287218426820 
    1200.000000 0.00000000437285052612 
    1500.000000 0.00000000524414645042 
    1800.000000 0.00000000626459950581 
    2100.000000 0.00000000394356902689 
    2400.000000 0.00000000582804204896 
    2700.000000 0.00000000591717252973 
    3000.000000 0.00000000629916030448 
    3300.000000 0.00000001239186531166 
    3600.000000 0.00000000455383997178 
    3900.000000 0.00000000529962562723 
    4200.000000 0.00000000686850398779 
    4500.000000 0.00000002151136868633 
    4800.000000 0.00000001062107912730 
    5100.000000 -0.00000000428826751886 
    5400.000000 -0.00000000491490936838 
    5700.000000 -0.00000000482305040350 
    6000.000000 -0.00000000249201548286 
    6300.000000 -0.00000001315675035585 
    6600.000000 -0.00000003754848876270 
    6900.000000 -0.00000000618092599325 
    7200.000000 -0.00000001227272150572 
    7500.000000 -0.00000002709111868171 
    7800.000000 -0.00000003561126504792 
    8100.000000 -0.00000003975037543569 
    8400.000000 -0.00000004675257514464 
    8700.000000 -0.00000001700482243905 
    9000.000000 0.00000000251748133451 
    9300.000000 0.00000003028071660083 
    9600.000000 0.00000003903096512659 
    9900.000000 -0.00000000594536686549 
    10200.000000 0.00000000341606209986 
    10500.000000 0.00000000369709596271 
    10800.000000 -0.00000001546050043544 
    11100.000000 -0.00000000367708707927 
    11400.000000 -0.00000002415981725790 
    11700.000000 -0.00000005182664608583 
    12000.000000 -0.00000006313348421827 
    12300.000000 -0.00000004133653419558 
    12600.000000 -0.00000001996158971451 
    12900.000000 -0.00000001290118234465 
    13200.000000 -0.00000006701338861603 
    13500.000000 -0.00000004371395334601 
    13800.000000 -0.00000002348224370508 
    14100.000000 -0.00000003530749381753 
    14400.000000 -0.00000006545178621309 
    14700.000000 -0.00000008504503057338 
    15000.000000 -0.00000006676418706775 
    15300.000000 -0.00000011998599802610 
    15600.000000 -0.00000010333224054193 
    15900.000000 -0.00000013773478713119 
    16200.000000 -0.00000010669282346498 
    16500.000000 -0.00000010114308679476 
    16800.000000 -0.00000006089521775721 
    17100.000000 -0.00000013634235074278 
    17400.000000 -0.00000016578815120738 
    17700.000000 -0.00000017545426089782 
    18000.000000 -0.00000018506034393795 
    18300.000000 -0.00000024373730411753 
    18600.000000 -0.00000024380733520957 
    18900.000000 -0.00000019416893337620 
    19200.000000 -0.00000017088495951612 
    19500.000000 -0.00000014795568858972 
    19800.000000 -0.00000016411922842963 
    20100.000000 -0.00000020020252122777 
    20400.000000 -0.00000019403978512855 
    20700.000000 -0.00000017740330804372 
    21000.000000 -0.00000019712570065167 
    21300.000000 -0.00000014168199413689 
    21600.000000 -0.00000015185378288152 
    21900.000000 -0.00000014881243259879 
    22200.000000 -0.00000012301461538300 
    22500.000000 -0.00000009879931894829 
    22800.000000 -0.00000007972084858920 
    23100.000000 -0.00000018009905033978 
    23400.000000 -0.00000017512411432108 
    23700.000000 -0.00000015044861356728 
    24000.000000 -0.00000012214968592161 
    24300.000000 -0.00000014725810615346 
    24600.000000 -0.00000014069155440666 
    24900.000000 -0.00000013247336028144 
    25200.000000 -0.00000006117261364125 
    25500.000000 -0.00000005399942892836 
    25800.000000 -0.00000001556418283144 
    26100.000000 0.00000000617274054093 
    26400.000000 -0.00000007410380931105 
    26700.000000 -0.00000008934875950217 
    27000.000000 -0.00000003314016794320 
e 
